0,Donnie Yen
1,Donnie Yen
2,Donnie Yen
3,Donnie Yen
4,Donnie Yen
5,Woody Allen
6,Woody Allen
7,Woody Allen
8,Woody Allen
9,Woody Allen
10,Teodora Duhovnikova
11,Teodora Duhovnikova
12,Teodora Duhovnikova
13,Teodora Duhovnikova
14,Teodora Duhovnikova
15,Marion Cotillard
16,Marion Cotillard
17,Marion Cotillard
18,Marion Cotillard
19,Marion Cotillard
20,Jesse Bradford
21,Jesse Bradford
22,Jesse Bradford
23,Jesse Bradford
24,Jesse Bradford
25,Leslie Jones
26,Leslie Jones
27,Leslie Jones
28,Leslie Jones
29,Leslie Jones
30,Michael Keaton
31,Michael Keaton
32,Michael Keaton
33,Michael Keaton
34,Michael Keaton
35,Gugu Mbatha-Raw
36,Gugu Mbatha-Raw
37,Gugu Mbatha-Raw
38,Gugu Mbatha-Raw
39,Gugu Mbatha-Raw
40,Michael McElhatton
41,Michael McElhatton
42,Michael McElhatton
43,Michael McElhatton
44,Michael McElhatton
45,Patrick Swayze
46,Patrick Swayze
47,Patrick Swayze
48,Patrick Swayze
49,Patrick Swayze
50,Karl Urban
51,Karl Urban
52,Karl Urban
53,Karl Urban
54,Karl Urban
55,Jack Nicholson
56,Jack Nicholson
57,Jack Nicholson
58,Jack Nicholson
59,Jack Nicholson
60,Rupert Grint
61,Rupert Grint
62,Rupert Grint
63,Rupert Grint
64,Rupert Grint
65,Leonardo DiCaprio
66,Leonardo DiCaprio
67,Leonardo DiCaprio
68,Leonardo DiCaprio
69,Leonardo DiCaprio
70,Daniel Radcliffe
71,Daniel Radcliffe
72,Daniel Radcliffe
73,Daniel Radcliffe
74,Daniel Radcliffe
75,Theo James
76,Theo James
77,Theo James
78,Theo James
79,Theo James
80,Neel Sethi
81,Neel Sethi
82,Neel Sethi
83,Neel Sethi
84,Neel Sethi
85,John Cusack
86,John Cusack
87,John Cusack
88,John Cusack
89,John Cusack
90,Zoey Deutch
91,Zoey Deutch
92,Zoey Deutch
93,Zoey Deutch
94,Zoey Deutch
95,Anne Hathaway
96,Anne Hathaway
97,Anne Hathaway
98,Anne Hathaway
99,Anne Hathaway
100,Halle Berry
101,Halle Berry
102,Halle Berry
103,Halle Berry
104,Halle Berry
105,Aaron Taylor-Johnson
106,Aaron Taylor-Johnson
107,Aaron Taylor-Johnson
108,Aaron Taylor-Johnson
109,Aaron Taylor-Johnson
110,Jon Bernthal
111,Jon Bernthal
112,Jon Bernthal
113,Jon Bernthal
114,Jon Bernthal
115,Rory J. Saper
116,Rory J. Saper
117,Rory J. Saper
118,Rory J. Saper
119,Rory J. Saper
120,Óscar Jaenada
121,Óscar Jaenada
122,Óscar Jaenada
123,Óscar Jaenada
124,Óscar Jaenada
125,Drew Powell
126,Drew Powell
127,Drew Powell
128,Drew Powell
129,Drew Powell
130,Daniel Zovatto
131,Daniel Zovatto
132,Daniel Zovatto
133,Daniel Zovatto
134,Daniel Zovatto
135,Bradley Cooper
136,Bradley Cooper
137,Bradley Cooper
138,Bradley Cooper
139,Bradley Cooper
140,Michael Shannon
141,Michael Shannon
142,Michael Shannon
143,Michael Shannon
144,Michael Shannon
145,Carey Mulligan
146,Carey Mulligan
147,Carey Mulligan
148,Carey Mulligan
149,Carey Mulligan
150,Katherine Waterson
151,Katherine Waterson
152,Katherine Waterson
153,Katherine Waterson
154,Katherine Waterson
155,Quentin Tarantino
156,Quentin Tarantino
157,Quentin Tarantino
158,Quentin Tarantino
159,Quentin Tarantino
160,Vin Diesel
161,Vin Diesel
162,Vin Diesel
163,Vin Diesel
164,Vin Diesel
165,Roberto Benigni
166,Roberto Benigni
167,Roberto Benigni
168,Roberto Benigni
169,Roberto Benigni
170,Meryl Streep
171,Meryl Streep
172,Meryl Streep
173,Meryl Streep
174,Meryl Streep
175,Michael Pena
176,Michael Pena
177,Michael Pena
178,Michael Pena
179,Michael Pena
180,Temuera Morrison
181,Temuera Morrison
182,Temuera Morrison
183,Temuera Morrison
184,Temuera Morrison
185,Jennifer Lawrence
186,Jennifer Lawrence
187,Jennifer Lawrence
188,Jennifer Lawrence
189,Jennifer Lawrence
190,Luke Evans
191,Luke Evans
192,Luke Evans
193,Luke Evans
194,Luke Evans
195,Ana Wagener
196,Ana Wagener
197,Ana Wagener
198,Ana Wagener
199,Ana Wagener
200,Kenneth Branagh
201,Kenneth Branagh
202,Kenneth Branagh
203,Kenneth Branagh
204,Kenneth Branagh
205,Jack Huston
206,Jack Huston
207,Jack Huston
208,Jack Huston
209,Jack Huston
210,Olivia Munn
211,Olivia Munn
212,Olivia Munn
213,Olivia Munn
214,Olivia Munn
215,Zoe Saldana
216,Zoe Saldana
217,Zoe Saldana
218,Zoe Saldana
219,Zoe Saldana
220,Vincent Ebrahim
221,Vincent Ebrahim
222,Vincent Ebrahim
223,Vincent Ebrahim
224,Vincent Ebrahim
225,Kate Beckinsale
226,Kate Beckinsale
227,Kate Beckinsale
228,Kate Beckinsale
229,Kate Beckinsale
230,Andy Lau
231,Andy Lau
232,Andy Lau
233,Andy Lau
234,Andy Lau
235,Tom Cruise
236,Tom Cruise
237,Tom Cruise
238,Tom Cruise
239,Tom Cruise
240,Aaron Poole
241,Aaron Poole
242,Aaron Poole
243,Aaron Poole
244,Aaron Poole
245,Jeff Goldblum
246,Jeff Goldblum
247,Jeff Goldblum
248,Jeff Goldblum
249,Jeff Goldblum
250,Jamie Fox
251,Jamie Fox
252,Jamie Fox
253,Jamie Fox
254,Jamie Fox
255,Holly Hunter
256,Holly Hunter
257,Holly Hunter
258,Holly Hunter
259,Holly Hunter
260,Bryce Dallas Howard
261,Bryce Dallas Howard
262,Bryce Dallas Howard
263,Bryce Dallas Howard
264,Bryce Dallas Howard
265,Steve Buscemi
266,Steve Buscemi
267,Steve Buscemi
268,Steve Buscemi
269,Steve Buscemi
270,Cobie Smulders
271,Cobie Smulders
272,Cobie Smulders
273,Cobie Smulders
274,Cobie Smulders
275,Khaterine Mcnamara
276,Khaterine Mcnamara
277,Khaterine Mcnamara
278,Khaterine Mcnamara
279,Khaterine Mcnamara
280,Beverly D'Angelo
281,Beverly D'Angelo
282,Beverly D'Angelo
283,Beverly D'Angelo
284,Beverly D'Angelo
285,Geena Davis
286,Geena Davis
287,Geena Davis
288,Geena Davis
289,Geena Davis
290,Sean Astin
291,Sean Astin
292,Sean Astin
293,Sean Astin
294,Sean Astin
295,Michael Gambon
296,Michael Gambon
297,Michael Gambon
298,Michael Gambon
299,Michael Gambon
300,Sierra Mccormic
301,Sierra Mccormic
302,Sierra Mccormic
303,Sierra Mccormic
304,Sierra Mccormic
305,Matthew Mcconaughey
306,Matthew Mcconaughey
307,Matthew Mcconaughey
308,Matthew Mcconaughey
309,Matthew Mcconaughey
310,Taron Egerton
311,Taron Egerton
312,Taron Egerton
313,Taron Egerton
314,Taron Egerton
315,Jeremy Renner
316,Jeremy Renner
317,Jeremy Renner
318,Jeremy Renner
319,Jeremy Renner
320,Diane Kruger
321,Diane Kruger
322,Diane Kruger
323,Diane Kruger
324,Diane Kruger
325,Alex R. Hibbert
326,Alex R. Hibbert
327,Alex R. Hibbert
328,Alex R. Hibbert
329,Alex R. Hibbert
330,Liam Hemsworth
331,Liam Hemsworth
332,Liam Hemsworth
333,Liam Hemsworth
334,Liam Hemsworth
335,Rebecca Ferguson
336,Rebecca Ferguson
337,Rebecca Ferguson
338,Rebecca Ferguson
339,Rebecca Ferguson
340,Jennifer Ehle
341,Jennifer Ehle
342,Jennifer Ehle
343,Jennifer Ehle
344,Jennifer Ehle
345,Lain Glen
346,Lain Glen
347,Lain Glen
348,Lain Glen
349,Lain Glen
350,Anna Taylor-Joy
351,Anna Taylor-Joy
352,Anna Taylor-Joy
353,Anna Taylor-Joy
354,Anna Taylor-Joy
355,Annette Bening
356,Annette Bening
357,Annette Bening
358,Annette Bening
359,Annette Bening
360,Lori Petty
361,Lori Petty
362,Lori Petty
363,Lori Petty
364,Lori Petty
365,Charles Dance
366,Charles Dance
367,Charles Dance
368,Charles Dance
369,Charles Dance
370,Jeff Bridges
371,Jeff Bridges
372,Jeff Bridges
373,Jeff Bridges
374,Jeff Bridges
375,Emmanuelle Riva
376,Emmanuelle Riva
377,Emmanuelle Riva
378,Emmanuelle Riva
379,Emmanuelle Riva
380,Robin Williams
381,Robin Williams
382,Robin Williams
383,Robin Williams
384,Robin Williams
385,Glen Close
386,Glen Close
387,Glen Close
388,Glen Close
389,Glen Close
390,Charlie Hunnam
391,Charlie Hunnam
392,Charlie Hunnam
393,Charlie Hunnam
394,Charlie Hunnam
395,Don Cheadle
396,Don Cheadle
397,Don Cheadle
398,Don Cheadle
399,Don Cheadle
400,Emilia Clarke
401,Emilia Clarke
402,Emilia Clarke
403,Emilia Clarke
404,Emilia Clarke
405,Melissa McCarthy
406,Melissa McCarthy
407,Melissa McCarthy
408,Melissa McCarthy
409,Melissa McCarthy
410,Ben Affleck
411,Ben Affleck
412,Ben Affleck
413,Ben Affleck
414,Ben Affleck
415,Kate Winslet
416,Kate Winslet
417,Kate Winslet
418,Kate Winslet
419,Kate Winslet
420,Lara Pulver
421,Lara Pulver
422,Lara Pulver
423,Lara Pulver
424,Lara Pulver
425,Dominic West
426,Dominic West
427,Dominic West
428,Dominic West
429,Dominic West
430,Dwayne Johnson
431,Dwayne Johnson
432,Dwayne Johnson
433,Dwayne Johnson
434,Dwayne Johnson
435,Bárbara Lennie
436,Bárbara Lennie
437,Bárbara Lennie
438,Bárbara Lennie
439,Bárbara Lennie
440,Harvey Keitel
441,Harvey Keitel
442,Harvey Keitel
443,Harvey Keitel
444,Harvey Keitel
445,Jared Leto
446,Jared Leto
447,Jared Leto
448,Jared Leto
449,Jared Leto
450,Mark Strong
451,Mark Strong
452,Mark Strong
453,Mark Strong
454,Mark Strong
455,Milla Jovovich
456,Milla Jovovich
457,Milla Jovovich
458,Milla Jovovich
459,Milla Jovovich
460,Zoe Kravitz
461,Zoe Kravitz
462,Zoe Kravitz
463,Zoe Kravitz
464,Zoe Kravitz
465,David Bale
466,David Bale
467,David Bale
468,David Bale
469,David Bale
470,T.J. Miller
471,T.J. Miller
472,T.J. Miller
473,T.J. Miller
474,T.J. Miller
475,Anthony Hopkins
476,Anthony Hopkins
477,Anthony Hopkins
478,Anthony Hopkins
479,Anthony Hopkins
480,Ruby Rose
481,Ruby Rose
482,Ruby Rose
483,Ruby Rose
484,Ruby Rose
485,Lars Eidinger
486,Lars Eidinger
487,Lars Eidinger
488,Lars Eidinger
489,Lars Eidinger
490,Sigourney Weaver
491,Sigourney Weaver
492,Sigourney Weaver
493,Sigourney Weaver
494,Sigourney Weaver
495,Tian Jing
496,Tian Jing
497,Tian Jing
498,Tian Jing
499,Tian Jing
500,Adrien Brody
501,Adrien Brody
502,Adrien Brody
503,Adrien Brody
504,Adrien Brody
505,Adria Arjona
506,Adria Arjona
507,Adria Arjona
508,Adria Arjona
509,Adria Arjona
510,Katherine Reis
511,Katherine Reis
512,Katherine Reis
513,Katherine Reis
514,Katherine Reis
515,Eric Stonestreet
516,Eric Stonestreet
517,Eric Stonestreet
518,Eric Stonestreet
519,Eric Stonestreet
520,Woody Harrelson
521,Woody Harrelson
522,Woody Harrelson
523,Woody Harrelson
524,Woody Harrelson
525,John Travolta
526,John Travolta
527,John Travolta
528,John Travolta
529,John Travolta
530,Eva Green
531,Eva Green
532,Eva Green
533,Eva Green
534,Eva Green
535,Louis C.K.
536,Louis C.K.
537,Louis C.K.
538,Louis C.K.
539,Louis C.K.
540,Josh Brolin
541,Josh Brolin
542,Josh Brolin
543,Josh Brolin
544,Josh Brolin
545,Johnny Depp
546,Johnny Depp
547,Johnny Depp
548,Johnny Depp
549,Johnny Depp
550,Arnold Schwarzenegger
551,Arnold Schwarzenegger
552,Arnold Schwarzenegger
553,Arnold Schwarzenegger
554,Arnold Schwarzenegger
555,Edward Norton
556,Edward Norton
557,Edward Norton
558,Edward Norton
559,Edward Norton
560,James Dumont
561,James Dumont
562,James Dumont
563,James Dumont
564,James Dumont
565,Yvonne Strahovski
566,Yvonne Strahovski
567,Yvonne Strahovski
568,Yvonne Strahovski
569,Yvonne Strahovski
570,Kristen Bell
571,Kristen Bell
572,Kristen Bell
573,Kristen Bell
574,Kristen Bell
575,Bruce Willis
576,Bruce Willis
577,Bruce Willis
578,Bruce Willis
579,Bruce Willis
580,Katherine Heigl
581,Katherine Heigl
582,Katherine Heigl
583,Katherine Heigl
584,Katherine Heigl
585,Megan Fox
586,Megan Fox
587,Megan Fox
588,Megan Fox
589,Megan Fox
590,Tyler Perry
591,Tyler Perry
592,Tyler Perry
593,Tyler Perry
594,Tyler Perry
595,Nicholas Hoult
596,Nicholas Hoult
597,Nicholas Hoult
598,Nicholas Hoult
599,Nicholas Hoult
600,Kim Basinger
601,Kim Basinger
602,Kim Basinger
603,Kim Basinger
604,Kim Basinger
605,Rachel McAdams
606,Rachel McAdams
607,Rachel McAdams
608,Rachel McAdams
609,Rachel McAdams
610,David Wenham
611,David Wenham
612,David Wenham
613,David Wenham
614,David Wenham
615,John Gallagher Jr.
616,John Gallagher Jr.
617,John Gallagher Jr.
618,John Gallagher Jr.
619,John Gallagher Jr.
620,Michael Sheen
621,Michael Sheen
622,Michael Sheen
623,Michael Sheen
624,Michael Sheen
625,Kathleen Munroe
626,Kathleen Munroe
627,Kathleen Munroe
628,Kathleen Munroe
629,Kathleen Munroe
630,Henry Cavill
631,Henry Cavill
632,Henry Cavill
633,Henry Cavill
634,Henry Cavill
635,Owen Wilson
636,Owen Wilson
637,Owen Wilson
638,Owen Wilson
639,Owen Wilson
640,Lena Headey
641,Lena Headey
642,Lena Headey
643,Lena Headey
644,Lena Headey
645,Susan Sarandon
646,Susan Sarandon
647,Susan Sarandon
648,Susan Sarandon
649,Susan Sarandon
650,Nicolas Cage
651,Nicolas Cage
652,Nicolas Cage
653,Nicolas Cage
654,Nicolas Cage
655,Jessica Alba
656,Jessica Alba
657,Jessica Alba
658,Jessica Alba
659,Jessica Alba
660,Teresa Palmer
661,Teresa Palmer
662,Teresa Palmer
663,Teresa Palmer
664,Teresa Palmer
665,Emma Stone
666,Emma Stone
667,Emma Stone
668,Emma Stone
669,Emma Stone
670,Stephen Henderson
671,Stephen Henderson
672,Stephen Henderson
673,Stephen Henderson
674,Stephen Henderson
675,Emma Roberts
676,Emma Roberts
677,Emma Roberts
678,Emma Roberts
679,Emma Roberts
680,Tim Roth
681,Tim Roth
682,Tim Roth
683,Tim Roth
684,Tim Roth
685,Diego Luna
686,Diego Luna
687,Diego Luna
688,Diego Luna
689,Diego Luna
690,Catherine Zeta-Jones
691,Catherine Zeta-Jones
692,Catherine Zeta-Jones
693,Catherine Zeta-Jones
694,Catherine Zeta-Jones
695,Andrew Garfield
696,Andrew Garfield
697,Andrew Garfield
698,Andrew Garfield
699,Andrew Garfield
700,Sharon Stone
701,Sharon Stone
702,Sharon Stone
703,Sharon Stone
704,Sharon Stone
705,Addison Timlin
706,Addison Timlin
707,Addison Timlin
708,Addison Timlin
709,Addison Timlin
710,Michael Stuhlbarg
711,Michael Stuhlbarg
712,Michael Stuhlbarg
713,Michael Stuhlbarg
714,Michael Stuhlbarg
715,Nicole Kidman
716,Nicole Kidman
717,Nicole Kidman
718,Nicole Kidman
719,Nicole Kidman
720,Robert Downey Jr.
721,Robert Downey Jr.
722,Robert Downey Jr.
723,Robert Downey Jr.
724,Robert Downey Jr.
725,Janelle Monae
726,Janelle Monae
727,Janelle Monae
728,Janelle Monae
729,Janelle Monae
730,Jodie Foster
731,Jodie Foster
732,Jodie Foster
733,Jodie Foster
734,Jodie Foster
735,Luke Bracey
736,Luke Bracey
737,Luke Bracey
738,Luke Bracey
739,Luke Bracey
740,Sigrid Bouaziz
741,Sigrid Bouaziz
742,Sigrid Bouaziz
743,Sigrid Bouaziz
744,Sigrid Bouaziz
745,Stephen Curry
746,Stephen Curry
747,Stephen Curry
748,Stephen Curry
749,Stephen Curry
750,Zac Efron
751,Zac Efron
752,Zac Efron
753,Zac Efron
754,Zac Efron
755,Margot Robbie
756,Margot Robbie
757,Margot Robbie
758,Margot Robbie
759,Margot Robbie
760,Juliette Binoche
761,Juliette Binoche
762,Juliette Binoche
763,Juliette Binoche
764,Juliette Binoche
765,Emily Browning
766,Emily Browning
767,Emily Browning
768,Emily Browning
769,Emily Browning
770,Mark Wahlberg
771,Mark Wahlberg
772,Mark Wahlberg
773,Mark Wahlberg
774,Mark Wahlberg
775,Bill Murray
776,Bill Murray
777,Bill Murray
778,Bill Murray
779,Bill Murray
780,Tim Blakenelson
781,Tim Blakenelson
782,Tim Blakenelson
783,Tim Blakenelson
784,Tim Blakenelson
785,Eddie Redmayne
786,Eddie Redmayne
787,Eddie Redmayne
788,Eddie Redmayne
789,Eddie Redmayne
790,Miles Teller
791,Miles Teller
792,Miles Teller
793,Miles Teller
794,Miles Teller
795,Pom Klementieff
796,Pom Klementieff
797,Pom Klementieff
798,Pom Klementieff
799,Pom Klementieff
800,Rooney Mara
801,Rooney Mara
802,Rooney Mara
803,Rooney Mara
804,Rooney Mara
805,Charlotte Lebon
806,Charlotte Lebon
807,Charlotte Lebon
808,Charlotte Lebon
809,Charlotte Lebon
810,Sissy Spacek
811,Sissy Spacek
812,Sissy Spacek
813,Sissy Spacek
814,Sissy Spacek
815,Mila Kunis
816,Mila Kunis
817,Mila Kunis
818,Mila Kunis
819,Mila Kunis
820,Neil Patrick Harris
821,Neil Patrick Harris
822,Neil Patrick Harris
823,Neil Patrick Harris
824,Neil Patrick Harris
825,Meg Ryan
826,Meg Ryan
827,Meg Ryan
828,Meg Ryan
829,Meg Ryan
830,Michael Kenneth Williams
831,Michael Kenneth Williams
832,Michael Kenneth Williams
833,Michael Kenneth Williams
834,Michael Kenneth Williams
835,Dakota Johnson
836,Dakota Johnson
837,Dakota Johnson
838,Dakota Johnson
839,Dakota Johnson
840,Ellen Burstyn
841,Ellen Burstyn
842,Ellen Burstyn
843,Ellen Burstyn
844,Ellen Burstyn
845,Christina Hendricks
846,Christina Hendricks
847,Christina Hendricks
848,Christina Hendricks
849,Christina Hendricks
850,Sean Connery
851,Sean Connery
852,Sean Connery
853,Sean Connery
854,Sean Connery
855,Harrison Ford
856,Harrison Ford
857,Harrison Ford
858,Harrison Ford
859,Harrison Ford
860,Tim Robbins
861,Tim Robbins
862,Tim Robbins
863,Tim Robbins
864,Tim Robbins
865,Zooey Deschanel
866,Zooey Deschanel
867,Zooey Deschanel
868,Zooey Deschanel
869,Zooey Deschanel
870,Dominic Cooper
871,Dominic Cooper
872,Dominic Cooper
873,Dominic Cooper
874,Dominic Cooper
875,Javier Bardem
876,Javier Bardem
877,Javier Bardem
878,Javier Bardem
879,Javier Bardem
880,Tony Revolori
881,Tony Revolori
882,Tony Revolori
883,Tony Revolori
884,Tony Revolori
885,Valerie Mahaffey
886,Valerie Mahaffey
887,Valerie Mahaffey
888,Valerie Mahaffey
889,Valerie Mahaffey
890,Bill Paxton
891,Bill Paxton
892,Bill Paxton
893,Bill Paxton
894,Bill Paxton
895,Essie Davis
896,Essie Davis
897,Essie Davis
898,Essie Davis
899,Essie Davis
900,Jason Bateman
901,Jason Bateman
902,Jason Bateman
903,Jason Bateman
904,Jason Bateman
905,Haley Bennett
906,Haley Bennett
907,Haley Bennett
908,Haley Bennett
909,Haley Bennett
910,Jared Harris
911,Jared Harris
912,Jared Harris
913,Jared Harris
914,Jared Harris
915,Gary Oldman
916,Gary Oldman
917,Gary Oldman
918,Gary Oldman
919,Gary Oldman
920,Eloise Mumford
921,Eloise Mumford
922,Eloise Mumford
923,Eloise Mumford
924,Eloise Mumford
925,Sam Worthington
926,Sam Worthington
927,Sam Worthington
928,Sam Worthington
929,Sam Worthington
930,Vincent Cassel
931,Vincent Cassel
932,Vincent Cassel
933,Vincent Cassel
934,Vincent Cassel
935,Brian Cox
936,Brian Cox
937,Brian Cox
938,Brian Cox
939,Brian Cox
940,Jason Sudeikis
941,Jason Sudeikis
942,Jason Sudeikis
943,Jason Sudeikis
944,Jason Sudeikis
945,Chris Pratt
946,Chris Pratt
947,Chris Pratt
948,Chris Pratt
949,Chris Pratt
950,Chris Pine
951,Chris Pine
952,Chris Pine
953,Chris Pine
954,Chris Pine
955,Kaitlin Olson
956,Kaitlin Olson
957,Kaitlin Olson
958,Kaitlin Olson
959,Kaitlin Olson
960,Cristoph Waltz
961,Cristoph Waltz
962,Cristoph Waltz
963,Cristoph Waltz
964,Cristoph Waltz
965,Sebastian Stan
966,Sebastian Stan
967,Sebastian Stan
968,Sebastian Stan
969,Sebastian Stan
970,Ethan Hawke
971,Ethan Hawke
972,Ethan Hawke
973,Ethan Hawke
974,Ethan Hawke
975,Prabha Prabhas
976,Prabha Prabhas
977,Prabha Prabhas
978,Prabha Prabhas
979,Prabha Prabhas
980,Joseph Gordon
981,Joseph Gordon
982,Joseph Gordon
983,Joseph Gordon
984,Joseph Gordon
985,Andrea Riseborough
986,Andrea Riseborough
987,Andrea Riseborough
988,Andrea Riseborough
989,Andrea Riseborough
990,Julia Roberts
991,Julia Roberts
992,Julia Roberts
993,Julia Roberts
994,Julia Roberts
995,Jack Davenport
996,Jack Davenport
997,Jack Davenport
998,Jack Davenport
999,Jack Davenport
1000,Kate Mara
1001,Kate Mara
1002,Kate Mara
1003,Kate Mara
1004,Kate Mara
1005,Julie Andrews
1006,Julie Andrews
1007,Julie Andrews
1008,Julie Andrews
1009,Julie Andrews
1010,Keanu Reeves
1011,Keanu Reeves
1012,Keanu Reeves
1013,Keanu Reeves
1014,Keanu Reeves
1015,Mel Gibson
1016,Mel Gibson
1017,Mel Gibson
1018,Mel Gibson
1019,Mel Gibson
1020,Christian Bale
1021,Christian Bale
1022,Christian Bale
1023,Christian Bale
1024,Christian Bale
1025,Scott Adkins
1026,Scott Adkins
1027,Scott Adkins
1028,Scott Adkins
1029,Scott Adkins
1030,Annalise Basso
1031,Annalise Basso
1032,Annalise Basso
1033,Annalise Basso
1034,Annalise Basso
1035,Chiwetel Ejiofor
1036,Chiwetel Ejiofor
1037,Chiwetel Ejiofor
1038,Chiwetel Ejiofor
1039,Chiwetel Ejiofor
1040,Eli Roth
1041,Eli Roth
1042,Eli Roth
1043,Eli Roth
1044,Eli Roth
1045,Kate Hudson
1046,Kate Hudson
1047,Kate Hudson
1048,Kate Hudson
1049,Kate Hudson
1050,Walton Goggins
1051,Walton Goggins
1052,Walton Goggins
1053,Walton Goggins
1054,Walton Goggins
1055,Edgar Ramirez
1056,Edgar Ramirez
1057,Edgar Ramirez
1058,Edgar Ramirez
1059,Edgar Ramirez
1060,Robert Redford
1061,Robert Redford
1062,Robert Redford
1063,Robert Redford
1064,Robert Redford
1065,Kyle Chandler
1066,Kyle Chandler
1067,Kyle Chandler
1068,Kyle Chandler
1069,Kyle Chandler
1070,Daniel Bruhl
1071,Daniel Bruhl
1072,Daniel Bruhl
1073,Daniel Bruhl
1074,Daniel Bruhl
1075,Cameron Diaz
1076,Cameron Diaz
1077,Cameron Diaz
1078,Cameron Diaz
1079,Cameron Diaz
1080,Douglas M. Griffin
1081,Douglas M. Griffin
1082,Douglas M. Griffin
1083,Douglas M. Griffin
1084,Douglas M. Griffin
1085,Jamie Dornan
1086,Jamie Dornan
1087,Jamie Dornan
1088,Jamie Dornan
1089,Jamie Dornan
1090,Drew Barrymore
1091,Drew Barrymore
1092,Drew Barrymore
1093,Drew Barrymore
1094,Drew Barrymore
1095,Blake Lively
1096,Blake Lively
1097,Blake Lively
1098,Blake Lively
1099,Blake Lively
1100,Nadia White
1101,Nadia White
1102,Nadia White
1103,Nadia White
1104,Nadia White
1105,Melanie Laurent
1106,Melanie Laurent
1107,Melanie Laurent
1108,Melanie Laurent
1109,Melanie Laurent
1110,Penelope Cruz
1111,Penelope Cruz
1112,Penelope Cruz
1113,Penelope Cruz
1114,Penelope Cruz
1115,Peter Dinklage
1116,Peter Dinklage
1117,Peter Dinklage
1118,Peter Dinklage
1119,Peter Dinklage
1120,Pierre Richard
1121,Pierre Richard
1122,Pierre Richard
1123,Pierre Richard
1124,Pierre Richard
1125,Seth Macfarlane
1126,Seth Macfarlane
1127,Seth Macfarlane
1128,Seth Macfarlane
1129,Seth Macfarlane
1130,Kirsten Dunst
1131,Kirsten Dunst
1132,Kirsten Dunst
1133,Kirsten Dunst
1134,Kirsten Dunst
1135,Albert Brooks
1136,Albert Brooks
1137,Albert Brooks
1138,Albert Brooks
1139,Albert Brooks
1140,Jessica Lange
1141,Jessica Lange
1142,Jessica Lange
1143,Jessica Lange
1144,Jessica Lange
1145,Laurence Fishburne
1146,Laurence Fishburne
1147,Laurence Fishburne
1148,Laurence Fishburne
1149,Laurence Fishburne
1150,Winona Ryder
1151,Winona Ryder
1152,Winona Ryder
1153,Winona Ryder
1154,Winona Ryder
1155,Diane Keaton
1156,Diane Keaton
1157,Diane Keaton
1158,Diane Keaton
1159,Diane Keaton
1160,Toby Kebbell
1161,Toby Kebbell
1162,Toby Kebbell
1163,Toby Kebbell
1164,Toby Kebbell
1165,Pierce Brosnan
1166,Pierce Brosnan
1167,Pierce Brosnan
1168,Pierce Brosnan
1169,Pierce Brosnan
1170,Kristen Wiig
1171,Kristen Wiig
1172,Kristen Wiig
1173,Kristen Wiig
1174,Kristen Wiig
1175,Susie Porter
1176,Susie Porter
1177,Susie Porter
1178,Susie Porter
1179,Susie Porter
1180,Ana Dearmas
1181,Ana Dearmas
1182,Ana Dearmas
1183,Ana Dearmas
1184,Ana Dearmas
1185,Michelle Pfeiffer
1186,Michelle Pfeiffer
1187,Michelle Pfeiffer
1188,Michelle Pfeiffer
1189,Michelle Pfeiffer
1190,Denzel Washington
1191,Denzel Washington
1192,Denzel Washington
1193,Denzel Washington
1194,Denzel Washington
1195,Ty Simpkins
1196,Ty Simpkins
1197,Ty Simpkins
1198,Ty Simpkins
1199,Ty Simpkins
1200,Tom Hiddeleston
1201,Tom Hiddeleston
1202,Tom Hiddeleston
1203,Tom Hiddeleston
1204,Tom Hiddeleston
1205,Britt Robertson
1206,Britt Robertson
1207,Britt Robertson
1208,Britt Robertson
1209,Britt Robertson
1210,Michael Nyqvist
1211,Michael Nyqvist
1212,Michael Nyqvist
1213,Michael Nyqvist
1214,Michael Nyqvist
1215,Alfie Allen
1216,Alfie Allen
1217,Alfie Allen
1218,Alfie Allen
1219,Alfie Allen
1220,Jennifer Lopez
1221,Jennifer Lopez
1222,Jennifer Lopez
1223,Jennifer Lopez
1224,Jennifer Lopez
1225,Jesse Borrego
1226,Jesse Borrego
1227,Jesse Borrego
1228,Jesse Borrego
1229,Jesse Borrego
1230,Michelle Williams
1231,Michelle Williams
1232,Michelle Williams
1233,Michelle Williams
1234,Michelle Williams
1235,Rosamund Pike
1236,Rosamund Pike
1237,Rosamund Pike
1238,Rosamund Pike
1239,Rosamund Pike
1240,Shailene Woodley
1241,Shailene Woodley
1242,Shailene Woodley
1243,Shailene Woodley
1244,Shailene Woodley
1245,Tom Hanks
1246,Tom Hanks
1247,Tom Hanks
1248,Tom Hanks
1249,Tom Hanks
1250,Jeremy Irons
1251,Jeremy Irons
1252,Jeremy Irons
1253,Jeremy Irons
1254,Jeremy Irons
1255,Kevin Costner
1256,Kevin Costner
1257,Kevin Costner
1258,Kevin Costner
1259,Kevin Costner
1260,Willem Dafoe
1261,Willem Dafoe
1262,Willem Dafoe
1263,Willem Dafoe
1264,Willem Dafoe
1265,Jovan Adepo
1266,Jovan Adepo
1267,Jovan Adepo
1268,Jovan Adepo
1269,Jovan Adepo
1270,Jean Reno
1271,Jean Reno
1272,Jean Reno
1273,Jean Reno
1274,Jean Reno
1275,Casey Affleck
1276,Casey Affleck
1277,Casey Affleck
1278,Casey Affleck
1279,Casey Affleck
1280,Gabriel Chavarria
1281,Gabriel Chavarria
1282,Gabriel Chavarria
1283,Gabriel Chavarria
1284,Gabriel Chavarria
1285,Oscar Isaac
1286,Oscar Isaac
1287,Oscar Isaac
1288,Oscar Isaac
1289,Oscar Isaac
1290,Octavia Spencer
1291,Octavia Spencer
1292,Octavia Spencer
1293,Octavia Spencer
1294,Octavia Spencer
1295,Selena Gomez
1296,Selena Gomez
1297,Selena Gomez
1298,Selena Gomez
1299,Selena Gomez
1300,Brett Cullen
1301,Brett Cullen
1302,Brett Cullen
1303,Brett Cullen
1304,Brett Cullen
1305,Dave Franco
1306,Dave Franco
1307,Dave Franco
1308,Dave Franco
1309,Dave Franco
1310,Laura Dern
1311,Laura Dern
1312,Laura Dern
1313,Laura Dern
1314,Laura Dern
1315,Jennifer Garner
1316,Jennifer Garner
1317,Jennifer Garner
1318,Jennifer Garner
1319,Jennifer Garner
1320,Cara Buono
1321,Cara Buono
1322,Cara Buono
1323,Cara Buono
1324,Cara Buono
1325,Lucas Hedges
1326,Lucas Hedges
1327,Lucas Hedges
1328,Lucas Hedges
1329,Lucas Hedges
1330,Ellen Page
1331,Ellen Page
1332,Ellen Page
1333,Ellen Page
1334,Ellen Page
1335,J.K. Simmons
1336,J.K. Simmons
1337,J.K. Simmons
1338,J.K. Simmons
1339,J.K. Simmons
1340,Orlando Bloom
1341,Orlando Bloom
1342,Orlando Bloom
1343,Orlando Bloom
1344,Orlando Bloom
1345,Jocelin Donahue
1346,Jocelin Donahue
1347,Jocelin Donahue
1348,Jocelin Donahue
1349,Jocelin Donahue
1350,Ken Watanabe
1351,Ken Watanabe
1352,Ken Watanabe
1353,Ken Watanabe
1354,Ken Watanabe
1355,Charlize Theron
1356,Charlize Theron
1357,Charlize Theron
1358,Charlize Theron
1359,Charlize Theron
1360,Faye Dunaway
1361,Faye Dunaway
1362,Faye Dunaway
1363,Faye Dunaway
1364,Faye Dunaway
1365,Renèe Zellweger
1366,Renèe Zellweger
1367,Renèe Zellweger
1368,Renèe Zellweger
1369,Renèe Zellweger
1370,Ellen DeGeneres
1371,Ellen DeGeneres
1372,Ellen DeGeneres
1373,Ellen DeGeneres
1374,Ellen DeGeneres
1375,Amy Adams
1376,Amy Adams
1377,Amy Adams
1378,Amy Adams
1379,Amy Adams
1380,Austin Stowell
1381,Austin Stowell
1382,Austin Stowell
1383,Austin Stowell
1384,Austin Stowell
1385,Rami Malek
1386,Rami Malek
1387,Rami Malek
1388,Rami Malek
1389,Rami Malek
1390,Julianne Moore
1391,Julianne Moore
1392,Julianne Moore
1393,Julianne Moore
1394,Julianne Moore
1395,Linda Cardellini
1396,Linda Cardellini
1397,Linda Cardellini
1398,Linda Cardellini
1399,Linda Cardellini
1400,Geoffrey Rush
1401,Geoffrey Rush
1402,Geoffrey Rush
1403,Geoffrey Rush
1404,Geoffrey Rush
1405,Emily Meade
1406,Emily Meade
1407,Emily Meade
1408,Emily Meade
1409,Emily Meade
1410,Forest Whitaker
1411,Forest Whitaker
1412,Forest Whitaker
1413,Forest Whitaker
1414,Forest Whitaker
1415,John Boyega
1416,John Boyega
1417,John Boyega
1418,John Boyega
1419,John Boyega
1420,Gene Hackman
1421,Gene Hackman
1422,Gene Hackman
1423,Gene Hackman
1424,Gene Hackman
1425,Sam Claflin
1426,Sam Claflin
1427,Sam Claflin
1428,Sam Claflin
1429,Sam Claflin
1430,Laura Linney
1431,Laura Linney
1432,Laura Linney
1433,Laura Linney
1434,Laura Linney
1435,Bill Pullman
1436,Bill Pullman
1437,Bill Pullman
1438,Bill Pullman
1439,Bill Pullman
1440,Ed Skrein
1441,Ed Skrein
1442,Ed Skrein
1443,Ed Skrein
1444,Ed Skrein
1445,Viggo Mortensen
1446,Viggo Mortensen
1447,Viggo Mortensen
1448,Viggo Mortensen
1449,Viggo Mortensen
1450,Uma Thurman
1451,Uma Thurman
1452,Uma Thurman
1453,Uma Thurman
1454,Uma Thurman
1455,Josh Gad
1456,Josh Gad
1457,Josh Gad
1458,Josh Gad
1459,Josh Gad
1460,Angourie Rice
1461,Angourie Rice
1462,Angourie Rice
1463,Angourie Rice
1464,Angourie Rice
1465,Naomi Watts
1466,Naomi Watts
1467,Naomi Watts
1468,Naomi Watts
1469,Naomi Watts
1470,Morena Baccarin
1471,Morena Baccarin
1472,Morena Baccarin
1473,Morena Baccarin
1474,Morena Baccarin
1475,Gal Gadot
1476,Gal Gadot
1477,Gal Gadot
1478,Gal Gadot
1479,Gal Gadot
1480,Robert De Niro
1481,Robert De Niro
1482,Robert De Niro
1483,Robert De Niro
1484,Robert De Niro
1485,Rene Russo
1486,Rene Russo
1487,Rene Russo
1488,Rene Russo
1489,Rene Russo
1490,Stephen Lang
1491,Stephen Lang
1492,Stephen Lang
1493,Stephen Lang
1494,Stephen Lang
1495,Julian Barratt
1496,Julian Barratt
1497,Julian Barratt
1498,Julian Barratt
1499,Julian Barratt
1500,Kevin Hart
1501,Kevin Hart
1502,Kevin Hart
1503,Kevin Hart
1504,Kevin Hart
1505,Colin Firth
1506,Colin Firth
1507,Colin Firth
1508,Colin Firth
1509,Colin Firth
1510,Emily Mortimer
1511,Emily Mortimer
1512,Emily Mortimer
1513,Emily Mortimer
1514,Emily Mortimer
1515,Aubrey Plaza
1516,Aubrey Plaza
1517,Aubrey Plaza
1518,Aubrey Plaza
1519,Aubrey Plaza
1520,Eve Lindley
1521,Eve Lindley
1522,Eve Lindley
1523,Eve Lindley
1524,Eve Lindley
1525,Sophia Loren
1526,Sophia Loren
1527,Sophia Loren
1528,Sophia Loren
1529,Sophia Loren
1530,Angela Bassett
1531,Angela Bassett
1532,Angela Bassett
1533,Angela Bassett
1534,Angela Bassett
1535,Joel Edgerton
1536,Joel Edgerton
1537,Joel Edgerton
1538,Joel Edgerton
1539,Joel Edgerton
1540,Jim Carrey
1541,Jim Carrey
1542,Jim Carrey
1543,Jim Carrey
1544,Jim Carrey
1545,Zachary Quinto
1546,Zachary Quinto
1547,Zachary Quinto
1548,Zachary Quinto
1549,Zachary Quinto
1550,Dan Stevens
1551,Dan Stevens
1552,Dan Stevens
1553,Dan Stevens
1554,Dan Stevens
1555,Natalie Portman
1556,Natalie Portman
1557,Natalie Portman
1558,Natalie Portman
1559,Natalie Portman
1560,Edie Falco
1561,Edie Falco
1562,Edie Falco
1563,Edie Falco
1564,Edie Falco
1565,Alison Sudol
1566,Alison Sudol
1567,Alison Sudol
1568,Alison Sudol
1569,Alison Sudol
1570,Tom Holland
1571,Tom Holland
1572,Tom Holland
1573,Tom Holland
1574,Tom Holland
1575,Matt Damon
1576,Matt Damon
1577,Matt Damon
1578,Matt Damon
1579,Matt Damon
1580,Vincent D'Onofrio
1581,Vincent D'Onofrio
1582,Vincent D'Onofrio
1583,Vincent D'Onofrio
1584,Vincent D'Onofrio
1585,Sean Penn
1586,Sean Penn
1587,Sean Penn
1588,Sean Penn
1589,Sean Penn
1590,Paul Walker
1591,Paul Walker
1592,Paul Walker
1593,Paul Walker
1594,Paul Walker
1595,Adam Devine
1596,Adam Devine
1597,Adam Devine
1598,Adam Devine
1599,Adam Devine
1600,Will Smith
1601,Will Smith
1602,Will Smith
1603,Will Smith
1604,Will Smith
1605,William Dafoe
1606,William Dafoe
1607,William Dafoe
1608,William Dafoe
1609,William Dafoe
1610,Russell Crowe
1611,Russell Crowe
1612,Russell Crowe
1613,Russell Crowe
1614,Russell Crowe
1615,Adam Sandler
1616,Adam Sandler
1617,Adam Sandler
1618,Adam Sandler
1619,Adam Sandler
1620,Melissa Benoist
1621,Melissa Benoist
1622,Melissa Benoist
1623,Melissa Benoist
1624,Melissa Benoist
1625,Kathryn Hahn
1626,Kathryn Hahn
1627,Kathryn Hahn
1628,Kathryn Hahn
1629,Kathryn Hahn
1630,Jesse Eisenberg
1631,Jesse Eisenberg
1632,Jesse Eisenberg
1633,Jesse Eisenberg
1634,Jesse Eisenberg
1635,Armie Hammer
1636,Armie Hammer
1637,Armie Hammer
1638,Armie Hammer
1639,Armie Hammer
1640,Michelle Rodriguez
1641,Michelle Rodriguez
1642,Michelle Rodriguez
1643,Michelle Rodriguez
1644,Michelle Rodriguez
1645,Tom Hardy
1646,Tom Hardy
1647,Tom Hardy
1648,Tom Hardy
1649,Tom Hardy
1650,Morgan Freeman
1651,Morgan Freeman
1652,Morgan Freeman
1653,Morgan Freeman
1654,Morgan Freeman
1655,Alison Brie
1656,Alison Brie
1657,Alison Brie
1658,Alison Brie
1659,Alison Brie
1660,Tara Strong
1661,Tara Strong
1662,Tara Strong
1663,Tara Strong
1664,Tara Strong
1665,Alistair Abell
1666,Alistair Abell
1667,Alistair Abell
1668,Alistair Abell
1669,Alistair Abell
1670,Asa Butterfield
1671,Asa Butterfield
1672,Asa Butterfield
1673,Asa Butterfield
1674,Asa Butterfield
1675,Crystal Reed
1676,Crystal Reed
1677,Crystal Reed
1678,Crystal Reed
1679,Crystal Reed
1680,Daniel Craig
1681,Daniel Craig
1682,Daniel Craig
1683,Daniel Craig
1684,Daniel Craig
1685,Dev Patel
1686,Dev Patel
1687,Dev Patel
1688,Dev Patel
1689,Dev Patel
1690,Daniel Fathers
1691,Daniel Fathers
1692,Daniel Fathers
1693,Daniel Fathers
1694,Daniel Fathers
1695,John C. McGinley
1696,John C. McGinley
1697,John C. McGinley
1698,John C. McGinley
1699,John C. McGinley
1700,Lake Bell
1701,Lake Bell
1702,Lake Bell
1703,Lake Bell
1704,Lake Bell
1705,Viola Davis
1706,Viola Davis
1707,Viola Davis
1708,Viola Davis
1709,Viola Davis
1710,John Goodman
1711,John Goodman
1712,John Goodman
1713,John Goodman
1714,John Goodman
1715,Al Pacino
1716,Al Pacino
1717,Al Pacino
1718,Al Pacino
1719,Al Pacino
1720,Noomi Rapace
1721,Noomi Rapace
1722,Noomi Rapace
1723,Noomi Rapace
1724,Noomi Rapace
1725,Dan Floger
1726,Dan Floger
1727,Dan Floger
1728,Dan Floger
1729,Dan Floger
1730,Melissa Leo
1731,Melissa Leo
1732,Melissa Leo
1733,Melissa Leo
1734,Melissa Leo
1735,Paul Reiser
1736,Paul Reiser
1737,Paul Reiser
1738,Paul Reiser
1739,Paul Reiser
1740,Robin Wright
1741,Robin Wright
1742,Robin Wright
1743,Robin Wright
1744,Robin Wright
1745,Scarlett Johansson
1746,Scarlett Johansson
1747,Scarlett Johansson
1748,Scarlett Johansson
1749,Scarlett Johansson
1750,Paul Rudd
1751,Paul Rudd
1752,Paul Rudd
1753,Paul Rudd
1754,Paul Rudd
1755,Robin Givens
1756,Robin Givens
1757,Robin Givens
1758,Robin Givens
1759,Robin Givens
1760,Will Poulter
1761,Will Poulter
1762,Will Poulter
1763,Will Poulter
1764,Will Poulter
1765,Jake Gyllenhaal
1766,Jake Gyllenhaal
1767,Jake Gyllenhaal
1768,Jake Gyllenhaal
1769,Jake Gyllenhaal
1770,Brendan Gleeson
1771,Brendan Gleeson
1772,Brendan Gleeson
1773,Brendan Gleeson
1774,Brendan Gleeson
1775,Hugh Grant
1776,Hugh Grant
1777,Hugh Grant
1778,Hugh Grant
1779,Hugh Grant
1780,Vera Farmiga
1781,Vera Farmiga
1782,Vera Farmiga
1783,Vera Farmiga
1784,Vera Farmiga
1785,Ashleigh Cummings
1786,Ashleigh Cummings
1787,Ashleigh Cummings
1788,Ashleigh Cummings
1789,Ashleigh Cummings
1790,Corey Stoll
1791,Corey Stoll
1792,Corey Stoll
1793,Corey Stoll
1794,Corey Stoll
1795,Kate Mckinnon
1796,Kate Mckinnon
1797,Kate Mckinnon
1798,Kate Mckinnon
1799,Kate Mckinnon
1800,Shannon Purser
1801,Shannon Purser
1802,Shannon Purser
1803,Shannon Purser
1804,Shannon Purser
1805,Logan Marshall-Green
1806,Logan Marshall-Green
1807,Logan Marshall-Green
1808,Logan Marshall-Green
1809,Logan Marshall-Green
1810,Eva Mendes
1811,Eva Mendes
1812,Eva Mendes
1813,Eva Mendes
1814,Eva Mendes
1815,Mark Ruffalo
1816,Mark Ruffalo
1817,Mark Ruffalo
1818,Mark Ruffalo
1819,Mark Ruffalo
1820,Alec Baldwin
1821,Alec Baldwin
1822,Alec Baldwin
1823,Alec Baldwin
1824,Alec Baldwin
1825,Paul Giamatti
1826,Paul Giamatti
1827,Paul Giamatti
1828,Paul Giamatti
1829,Paul Giamatti
1830,Hilary Swank
1831,Hilary Swank
1832,Hilary Swank
1833,Hilary Swank
1834,Hilary Swank
1835,Jennifer Aniston
1836,Jennifer Aniston
1837,Jennifer Aniston
1838,Jennifer Aniston
1839,Jennifer Aniston
1840,Rachel House
1841,Rachel House
1842,Rachel House
1843,Rachel House
1844,Rachel House
1845,Alexander Skarsgård
1846,Alexander Skarsgård
1847,Alexander Skarsgård
1848,Alexander Skarsgård
1849,Alexander Skarsgård
1850,David Oyelowo
1851,David Oyelowo
1852,David Oyelowo
1853,David Oyelowo
1854,David Oyelowo
1855,Emma Watson
1856,Emma Watson
1857,Emma Watson
1858,Emma Watson
1859,Emma Watson
1860,Angelina Jolie
1861,Angelina Jolie
1862,Angelina Jolie
1863,Angelina Jolie
1864,Angelina Jolie
1865,Ben Kingsley
1866,Ben Kingsley
1867,Ben Kingsley
1868,Ben Kingsley
1869,Ben Kingsley
1870,Justin Timberlake
1871,Justin Timberlake
1872,Justin Timberlake
1873,Justin Timberlake
1874,Justin Timberlake
1875,Alexandra Daddario
1876,Alexandra Daddario
1877,Alexandra Daddario
1878,Alexandra Daddario
1879,Alexandra Daddario
1880,Ryan Reynolds
1881,Ryan Reynolds
1882,Ryan Reynolds
1883,Ryan Reynolds
1884,Ryan Reynolds
1885,Heath Ledger
1886,Heath Ledger
1887,Heath Ledger
1888,Heath Ledger
1889,Heath Ledger
1890,Tadanobu Asano
1891,Tadanobu Asano
1892,Tadanobu Asano
1893,Tadanobu Asano
1894,Tadanobu Asano
1895,Hugh Jackman
1896,Hugh Jackman
1897,Hugh Jackman
1898,Hugh Jackman
1899,Hugh Jackman
1900,Adele Exarchopoulus
1901,Adele Exarchopoulus
1902,Adele Exarchopoulus
1903,Adele Exarchopoulus
1904,Adele Exarchopoulus
1905,Jonh Hawkes
1906,Jonh Hawkes
1907,Jonh Hawkes
1908,Jonh Hawkes
1909,Jonh Hawkes
1910,Christopher Mintz-Plasse
1911,Christopher Mintz-Plasse
1912,Christopher Mintz-Plasse
1913,Christopher Mintz-Plasse
1914,Christopher Mintz-Plasse
1915,Judy Greer
1916,Judy Greer
1917,Judy Greer
1918,Judy Greer
1919,Judy Greer
1920,Gerard Butler
1921,Gerard Butler
1922,Gerard Butler
1923,Gerard Butler
1924,Gerard Butler
1925,Benicio del Toro
1926,Benicio del Toro
1927,Benicio del Toro
1928,Benicio del Toro
1929,Benicio del Toro
1930,Paula Patton
1931,Paula Patton
1932,Paula Patton
1933,Paula Patton
1934,Paula Patton
1935,Michelle Monaghan
1936,Michelle Monaghan
1937,Michelle Monaghan
1938,Michelle Monaghan
1939,Michelle Monaghan
1940,Steve Carell
1941,Steve Carell
1942,Steve Carell
1943,Steve Carell
1944,Steve Carell
1945,Stellan Skarsgård
1946,Stellan Skarsgård
1947,Stellan Skarsgård
1948,Stellan Skarsgård
1949,Stellan Skarsgård
1950,Adam Driver
1951,Adam Driver
1952,Adam Driver
1953,Adam Driver
1954,Adam Driver
1955,Brad Pitt
1956,Brad Pitt
1957,Brad Pitt
1958,Brad Pitt
1959,Brad Pitt
1960,Keira Knightley
1961,Keira Knightley
1962,Keira Knightley
1963,Keira Knightley
1964,Keira Knightley
1965,Nicola Peltz
1966,Nicola Peltz
1967,Nicola Peltz
1968,Nicola Peltz
1969,Nicola Peltz
1970,Stan Lee
1971,Stan Lee
1972,Stan Lee
1973,Stan Lee
1974,Stan Lee
1975,Stanley Tucci
1976,Stanley Tucci
1977,Stanley Tucci
1978,Stanley Tucci
1979,Stanley Tucci
1980,Christina Applegate
1981,Christina Applegate
1982,Christina Applegate
1983,Christina Applegate
1984,Christina Applegate
1985,José Coronado
1986,José Coronado
1987,José Coronado
1988,José Coronado
1989,José Coronado
1990,Miles Heizer
1991,Miles Heizer
1992,Miles Heizer
1993,Miles Heizer
1994,Miles Heizer
1995,Leighton Meester
1996,Leighton Meester
1997,Leighton Meester
1998,Leighton Meester
1999,Leighton Meester
2000,Richard Kind
2001,Richard Kind
2002,Richard Kind
2003,Richard Kind
2004,Richard Kind
2005,George Clooney
2006,George Clooney
2007,George Clooney
2008,George Clooney
2009,George Clooney
2010,Chris Evans
2011,Chris Evans
2012,Chris Evans
2013,Chris Evans
2014,Chris Evans
2015,Liam Neeson
2016,Liam Neeson
2017,Liam Neeson
2018,Liam Neeson
2019,Liam Neeson
2020,Kathy Bates
2021,Kathy Bates
2022,Kathy Bates
2023,Kathy Bates
2024,Kathy Bates
2025,Aaron Eckhart
2026,Aaron Eckhart
2027,Aaron Eckhart
2028,Aaron Eckhart
2029,Aaron Eckhart
2030,Shariff Earp
2031,Shariff Earp
2032,Shariff Earp
2033,Shariff Earp
2034,Shariff Earp
2035,Colin Farrell
2036,Colin Farrell
2037,Colin Farrell
2038,Colin Farrell
2039,Colin Farrell
2040,Matt Bomer
2041,Matt Bomer
2042,Matt Bomer
2043,Matt Bomer
2044,Matt Bomer
2045,Jessica Chastain
2046,Jessica Chastain
2047,Jessica Chastain
2048,Jessica Chastain
2049,Jessica Chastain
2050,Tangie Ambrose
2051,Tangie Ambrose
2052,Tangie Ambrose
2053,Tangie Ambrose
2054,Tangie Ambrose
2055,Jane Levy
2056,Jane Levy
2057,Jane Levy
2058,Jane Levy
2059,Jane Levy
2060,Hermione Corfield
2061,Hermione Corfield
2062,Hermione Corfield
2063,Hermione Corfield
2064,Hermione Corfield
2065,Sandra Bullock
2066,Sandra Bullock
2067,Sandra Bullock
2068,Sandra Bullock
2069,Sandra Bullock
2070,Travis Fimmel
2071,Travis Fimmel
2072,Travis Fimmel
2073,Travis Fimmel
2074,Travis Fimmel
2075,Rosemarie Dewitt
2076,Rosemarie Dewitt
2077,Rosemarie Dewitt
2078,Rosemarie Dewitt
2079,Rosemarie Dewitt
2080,Michael Fassbender
2081,Michael Fassbender
2082,Michael Fassbender
2083,Michael Fassbender
2084,Michael Fassbender
2085,Daniel Gimenez Cacho
2086,Daniel Gimenez Cacho
2087,Daniel Gimenez Cacho
2088,Daniel Gimenez Cacho
2089,Daniel Gimenez Cacho
2090,Alan Tudyk
2091,Alan Tudyk
2092,Alan Tudyk
2093,Alan Tudyk
2094,Alan Tudyk
2095,Jason Segel
2096,Jason Segel
2097,Jason Segel
2098,Jason Segel
2099,Jason Segel
2100,Daisy Ridley
2101,Daisy Ridley
2102,Daisy Ridley
2103,Daisy Ridley
2104,Daisy Ridley
2105,Bette Midler
2106,Bette Midler
2107,Bette Midler
2108,Bette Midler
2109,Bette Midler
2110,Duan Sanderson
2111,Duan Sanderson
2112,Duan Sanderson
2113,Duan Sanderson
2114,Duan Sanderson
2115,Jai Courtney
2116,Jai Courtney
2117,Jai Courtney
2118,Jai Courtney
2119,Jai Courtney
2120,Michael Douglas
2121,Michael Douglas
2122,Michael Douglas
2123,Michael Douglas
2124,Michael Douglas
2125,Gwyneth Paltrow
2126,Gwyneth Paltrow
2127,Gwyneth Paltrow
2128,Gwyneth Paltrow
2129,Gwyneth Paltrow
2130,Kenneth Welsh
2131,Kenneth Welsh
2132,Kenneth Welsh
2133,Kenneth Welsh
2134,Kenneth Welsh
2135,Elle Fanning
2136,Elle Fanning
2137,Elle Fanning
2138,Elle Fanning
2139,Elle Fanning
2140,Theo Rossi
2141,Theo Rossi
2142,Theo Rossi
2143,Theo Rossi
2144,Theo Rossi
2145,Tilda Swinton
2146,Tilda Swinton
2147,Tilda Swinton
2148,Tilda Swinton
2149,Tilda Swinton
2150,Demi Moore
2151,Demi Moore
2152,Demi Moore
2153,Demi Moore
2154,Demi Moore
2155,Rachel Weisz
2156,Rachel Weisz
2157,Rachel Weisz
2158,Rachel Weisz
2159,Rachel Weisz
2160,Ryan Gosling
2161,Ryan Gosling
2162,Ryan Gosling
2163,Ryan Gosling
2164,Ryan Gosling
2165,Mario Casas
2166,Mario Casas
2167,Mario Casas
2168,Mario Casas
2169,Mario Casas
2170,Sienna Miller
2171,Sienna Miller
2172,Sienna Miller
2173,Sienna Miller
2174,Sienna Miller
2175,Robert Pattinson
2176,Robert Pattinson
2177,Robert Pattinson
2178,Robert Pattinson
2179,Robert Pattinson
2180,Bryan Cranston
2181,Bryan Cranston
2182,Bryan Cranston
2183,Bryan Cranston
2184,Bryan Cranston
2185,Daniel Day Lewis
2186,Daniel Day Lewis
2187,Daniel Day Lewis
2188,Daniel Day Lewis
2189,Daniel Day Lewis
2190,Sylvester Stallone
2191,Sylvester Stallone
2192,Sylvester Stallone
2193,Sylvester Stallone
2194,Sylvester Stallone
2195,Chris Hemsworth
2196,Chris Hemsworth
2197,Chris Hemsworth
2198,Chris Hemsworth
2199,Chris Hemsworth
2200,Jude Law
2201,Jude Law
2202,Jude Law
2203,Jude Law
2204,Jude Law
2205,Maika Monroe
2206,Maika Monroe
2207,Maika Monroe
2208,Maika Monroe
2209,Maika Monroe
2210,Shawn Roberts
2211,Shawn Roberts
2212,Shawn Roberts
2213,Shawn Roberts
2214,Shawn Roberts
2215,Kristen Stewart
2216,Kristen Stewart
2217,Kristen Stewart
2218,Kristen Stewart
2219,Kristen Stewart
2220,Seth Rogen
2221,Seth Rogen
2222,Seth Rogen
2223,Seth Rogen
2224,Seth Rogen
2225,Chris Messina
2226,Chris Messina
2227,Chris Messina
2228,Chris Messina
2229,Chris Messina
2230,Emma Thompson
2231,Emma Thompson
2232,Emma Thompson
2233,Emma Thompson
2234,Emma Thompson
2235,Anna Kendrick
2236,Anna Kendrick
2237,Anna Kendrick
2238,Anna Kendrick
2239,Anna Kendrick
2240,Judi Dench
2241,Judi Dench
2242,Judi Dench
2243,Judi Dench
2244,Judi Dench
2245,Samantha Isler
2246,Samantha Isler
2247,Samantha Isler
2248,Samantha Isler
2249,Samantha Isler
2250,Emile Hirsch
2251,Emile Hirsch
2252,Emile Hirsch
2253,Emile Hirsch
2254,Emile Hirsch
2255,Joe Pesci
2256,Joe Pesci
2257,Joe Pesci
2258,Joe Pesci
2259,Joe Pesci
2260,Domhnall Gleeson
2261,Domhnall Gleeson
2262,Domhnall Gleeson
2263,Domhnall Gleeson
2264,Domhnall Gleeson
2265,Elizabeth Debicki
2266,Elizabeth Debicki
2267,Elizabeth Debicki
2268,Elizabeth Debicki
2269,Elizabeth Debicki
2270,Lewis MacDougall
2271,Lewis MacDougall
2272,Lewis MacDougall
2273,Lewis MacDougall
2274,Lewis MacDougall
2275,Ginnifer Goodwin
2276,Ginnifer Goodwin
2277,Ginnifer Goodwin
2278,Ginnifer Goodwin
2279,Ginnifer Goodwin
2280,Maggie Smith
2281,Maggie Smith
2282,Maggie Smith
2283,Maggie Smith
2284,Maggie Smith
2285,Ophelia Lovibond
2286,Ophelia Lovibond
2287,Ophelia Lovibond
2288,Ophelia Lovibond
2289,Ophelia Lovibond
2290,Karen Gillan
2291,Karen Gillan
2292,Karen Gillan
2293,Karen Gillan
2294,Karen Gillan
2295,Gemma Arterton
2296,Gemma Arterton
2297,Gemma Arterton
2298,Gemma Arterton
2299,Gemma Arterton
2300,Mark Consuelos
2301,Mark Consuelos
2302,Mark Consuelos
2303,Mark Consuelos
2304,Mark Consuelos
2305,Dustin Hoffman
2306,Dustin Hoffman
2307,Dustin Hoffman
2308,Dustin Hoffman
2309,Dustin Hoffman
2310,Benedict Wong
2311,Benedict Wong
2312,Benedict Wong
2313,Benedict Wong
2314,Benedict Wong
2315,Emma Booth
2316,Emma Booth
2317,Emma Booth
2318,Emma Booth
2319,Emma Booth
2320,Jack Reynor
2321,Jack Reynor
2322,Jack Reynor
2323,Jack Reynor
2324,Jack Reynor
2325,Alicia Vikander
2326,Alicia Vikander
2327,Alicia Vikander
2328,Alicia Vikander
2329,Alicia Vikander
2330,Helen Mirren
2331,Helen Mirren
2332,Helen Mirren
2333,Helen Mirren
2334,Helen Mirren
2335,Diana Lane
2336,Diana Lane
2337,Diana Lane
2338,Diana Lane
2339,Diana Lane
2340,Mary Elizabeth Winstead
2341,Mary Elizabeth Winstead
2342,Mary Elizabeth Winstead
2343,Mary Elizabeth Winstead
2344,Mary Elizabeth Winstead
2345,Jonah Hill
2346,Jonah Hill
2347,Jonah Hill
2348,Jonah Hill
2349,Jonah Hill
2350,Andy Serkis
2351,Andy Serkis
2352,Andy Serkis
2353,Andy Serkis
2354,Andy Serkis
2355,Ali Larter
2356,Ali Larter
2357,Ali Larter
2358,Ali Larter
2359,Ali Larter
2360,Mahershala Ali
2361,Mahershala Ali
2362,Mahershala Ali
2363,Mahershala Ali
2364,Mahershala Ali
2365,Julian Vergov
2366,Julian Vergov
2367,Julian Vergov
2368,Julian Vergov
2369,Emily Blunt
2370,Emily Blunt
2371,Emily Blunt
2372,Emily Blunt
2373,Emily Blunt
2374,Sally Field
2375,Sally Field
2376,Sally Field
2377,Sally Field
2378,Sally Field
2379,Danny DeVito
2380,Danny DeVito
2381,Danny DeVito
2382,Danny DeVito
2383,Danny DeVito
2384,Kurt Russell
2385,Kurt Russell
2386,Kurt Russell
2387,Kurt Russell
2388,Kurt Russell
2389,Demian Bichir
2390,Demian Bichir
2391,Demian Bichir
2392,Demian Bichir
2393,Demian Bichir
2394,Jason Statham
2395,Jason Statham
2396,Jason Statham
2397,Jason Statham
2398,Jason Statham
2399,John Carrollynch
2400,John Carrollynch
2401,John Carrollynch
2402,John Carrollynch
2403,John Carrollynch
2404,George Mackay
2405,George Mackay
2406,George Mackay
2407,George Mackay
2408,George Mackay
2409,Jenny Slate
2410,Jenny Slate
2411,Jenny Slate
2412,Jenny Slate
2413,Jenny Slate
2414,Jessica Sula
2415,Jessica Sula
2416,Jessica Sula
2417,Jessica Sula
2418,Jessica Sula
2419,Ben Stiller
2420,Ben Stiller
2421,Ben Stiller
2422,Ben Stiller
2423,Ben Stiller
2424,Paul Anderson
2425,Paul Anderson
2426,Paul Anderson
2427,Paul Anderson
2428,Paul Anderson
2429,Peter Gallagher
2430,Peter Gallagher
2431,Peter Gallagher
2432,Peter Gallagher
2433,Peter Gallagher
2434,James Franco
2435,James Franco
2436,James Franco
2437,James Franco
2438,James Franco
2439,Tony Goldwyn
2440,Tony Goldwyn
2441,Tony Goldwyn
2442,Tony Goldwyn
2443,Tony Goldwyn
2444,Jewel Staite
2445,Jewel Staite
2446,Jewel Staite
2447,Jewel Staite
2448,Jewel Staite
2449,Sonoya Mizuno
2450,Sonoya Mizuno
2451,Sonoya Mizuno
2452,Sonoya Mizuno
2453,Sonoya Mizuno
2454,Samuel Ljackson
2455,Samuel Ljackson
2456,Samuel Ljackson
2457,Samuel Ljackson
2458,Samuel Ljackson
2459,Bill Nighy
2460,Bill Nighy
2461,Bill Nighy
2462,Bill Nighy
2463,Bill Nighy
2464,Joe Manganiello
2465,Joe Manganiello
2466,Joe Manganiello
2467,Joe Manganiello
2468,Joe Manganiello
2469,Barbra Streisand
2470,Barbra Streisand
2471,Barbra Streisand
2472,Barbra Streisand
2473,Barbra Streisand
2474,Jason Momoa
2475,Jason Momoa
2476,Jason Momoa
2477,Jason Momoa
2478,Jason Momoa
2479,Katie Holmes
2480,Katie Holmes
2481,Katie Holmes
2482,Katie Holmes
2483,Katie Holmes
2484,Mackenzie Foy
2485,Mackenzie Foy
2486,Mackenzie Foy
2487,Mackenzie Foy
2488,Mackenzie Foy
2489,Zach Galifianakis
2490,Zach Galifianakis
2491,Zach Galifianakis
2492,Zach Galifianakis
2493,Zach Galifianakis
2494,Alon Aboutboul
2495,Alon Aboutboul
2496,Alon Aboutboul
2497,Alon Aboutboul
2498,Alon Aboutboul
2499,Reese Witherspoon
2500,Reese Witherspoon
2501,Reese Witherspoon
2502,Reese Witherspoon
2503,Reese Witherspoon
2504,Jennifer Jason Leigh
2505,Jennifer Jason Leigh
2506,Jennifer Jason Leigh
2507,Jennifer Jason Leigh
2508,Jennifer Jason Leigh
2509,Janet Mcteer
2510,Janet Mcteer
2511,Janet Mcteer
2512,Janet Mcteer
2513,Janet Mcteer
2514,Tobey Maguire
2515,Tobey Maguire
2516,Tobey Maguire
2517,Tobey Maguire
2518,Tobey Maguire
2519,Kevin Spacey
2520,Kevin Spacey
2521,Kevin Spacey
2522,Kevin Spacey
2523,Kevin Spacey
2524,Mark Rylance
2525,Mark Rylance
2526,Mark Rylance
2527,Mark Rylance
2528,Mark Rylance
2529,Michael Caine
2530,Michael Caine
2531,Michael Caine
2532,Michael Caine
2533,Michael Caine
2534,Benedict Cumberbatch
2535,Benedict Cumberbatch
2536,Benedict Cumberbatch
2537,Benedict Cumberbatch
2538,Benedict Cumberbatch
2539,Jeremy Irvine
2540,Jeremy Irvine
2541,Jeremy Irvine
2542,Jeremy Irvine
2543,Jeremy Irvine
2544,James Mcavoy
2545,James Mcavoy
2546,James Mcavoy
2547,James Mcavoy
2548,James Mcavoy
2549,Amanda Seyfried
2550,Amanda Seyfried
2551,Amanda Seyfried
2552,Amanda Seyfried
2553,Amanda Seyfried
2554,Jane Fonda
2555,Jane Fonda
2556,Jane Fonda
2557,Jane Fonda
2558,Jane Fonda
2559,Cate Blanchett
2560,Cate Blanchett
2561,Cate Blanchett
2562,Cate Blanchett
2563,Cate Blanchett
2564,Idris Elba
2565,Idris Elba
2566,Idris Elba
2567,Idris Elba
2568,Idris Elba
2569,Debra Winger
2570,Debra Winger
2571,Debra Winger
2572,Debra Winger
2573,Debra Winger
2574,Tommy Lee Jones
2575,Tommy Lee Jones
2576,Tommy Lee Jones
2577,Tommy Lee Jones
2578,Tommy Lee Jones
2579,Channing Tatum
2580,Channing Tatum
2581,Channing Tatum
2582,Channing Tatum
2583,Channing Tatum
2584,Joely Richardson
2585,Joely Richardson
2586,Joely Richardson
2587,Joely Richardson
2588,Joely Richardson
2589,Dylan Minnette
2590,Dylan Minnette
2591,Dylan Minnette
2592,Dylan Minnette
2593,Dylan Minnette
2594,Robert Duvall
2595,Robert Duvall
2596,Robert Duvall
2597,Robert Duvall
2598,Robert Duvall
2599,Jodie Whittaker
2600,Jodie Whittaker
2601,Jodie Whittaker
2602,Jodie Whittaker
2603,Jodie Whittaker
2604,Shirley Maclaine
2605,Shirley Maclaine
2606,Shirley Maclaine
2607,Shirley Maclaine
2608,Shirley Maclaine
2609,Felicity Jones
2610,Felicity Jones
2611,Felicity Jones
2612,Felicity Jones
2613,Felicity Jones
